1 821 714 843 714 MediterraneanAvenue 840 783 842 846 874 829 874 765 Data\MediterraneanAvenue.png 50 50 4 2 10 30 90 160 250 30 Brown 60
3 682 714 704 714 BalticAvenue 700 783 703 846 735 829 734 765 Data\BalticAvenue.png 50 50 8 4 20 60 180 320 450 30 Brown 60
6 473 714 459 714 OrientalAvenue 492 783 494 846 526 829 525 765 Data\OrientalAvenue.png 50 50 12 6 30 90 270 400 550  50 LightBlue 100
8 337 714 359 714 VermountAvenue 354 783 356 846 390 829 388 765 Data\VermountAvenue.png 50 50 12 6 30 90 270 400 550 50 LightBlue 100
9 267 714 289 714 ConnecticutAvenue 286 783 288 846 322 829 321 765 Data\ConnecticutAvenue.png 50 50 16 8 40 100 300 450 600 60 LightBlue 120
11 246 692 246 670 StCharlesPlace 228 700 180 704 195 737 243 729 Data\StCharlesPlace.png 100 100 20 10 50 150 450 625 750 70 Pink 140
13 246 553 246 531 StatesAvenue 228 558 180 562 195 595 243 587 Data\StatesAvenue.png 100 100 20 10 50 150 450 625 750 70 Pink 140
14 246 484 246 462 VirginiaAvenue 228 487 180 491 195 524 243 516 Data\VirginiaAvenue.png 100 100 24 12 60 180 500 700 900 80 Pink 160
16 246 347 246 325 StJamesPlace 228 345 180 349 195 382 243 374 Data\StJamesPlace.png 100 100 28 14 70 200 550 750 950  90 Orange 180
18 246 207 246 185 TennesseeAvenue 228 203 180 207 195 240 243 232 Data\TennesseeAvenue.png 100 100 28 14 70 200 550 750 950 90 Orange 180
19 246 138 246 157 NewYorkAvenue 228 132 180 136 195 169 243 161 Data\NewYorkAvenue.png 100 100 32 16 80 220 600 800 1000 100 Orange 200
21 267 117 290 117 KentuckyAvenue 316 110 318 55 284 44 284 93 Data\KentuckyAvenue.png 150 150 36 18 90 250 700 875 1050 110 Red 220
23 406 117 384 117 IndianaAvenue 456 110 458 55 424 44 424 93 Data\IndianaAvenue.png 150 150 36 18 90 250 700 875 1050 110 Red 220
24 475 117 453 117 IllinoisAvenue 526 110 526 55 492 44 492 93 Data\IllinoisAvenue.png 150 150 40 20 100 300 750 925 1100 120 Red 240
26 613 117 591 117 AtlanticAvenue 665 110 665 55 632 44 632 93 Data\AtlanticAvenue.png 150 150 44 22 110 330 800 975 1150 130 Yellow 260
27 680 117 658 117 VentnorAvenue 735 110 735 55 702 44 702 93 Data\VentnorAvenue.png 150 150 44 22 110 330 800 975 1150 130 Yellow 260
29 820 117 798 117 MarvinGardens 875 110 875 55 842 44 842 93 Data\MarvinGardens.png 150 150 48 24 120 360 850 1025 1200 140 Yellow 280
31 842 137 842 159 PacificAvenue 923 180 977 186 969 141 926 129 Data\PacificAvenue.png 200 200 52 26 130 390 900 1100 1275 150 Green 300
32 842 208 842 230 NorthCarolinaAvenue 923 251 977 256 969 212 926 200 Data\NorthCarolinaAvenue.png 200 200 52 26 130 390 900 1100 1275 150 Green 300
34 842 345 842 347 PennsylvaniaAvenue 923 389 977 394 969 354 926 339 Data\PennsylvaniaAvenue.png 200 200 56 28 150 450 1000 1200 1400 160 Green 320
37 842 552 842 574 ParkPlace 923 597 977 603 969 563 925 546 Data\ParkPlace.png 200 200 70 35 175 500 1100 1300 1500 175 Blue 350
39 842 690 842 712 Boardwalk 923 735 977 740 969 702 925 684 Data\Boardwalk.png 200 200 100 50 200 600 1400 1700 2000 200 Blue 400